  0.22225940E+03  0.22211110E+03  0.22210640E+03  0.22212399E+03  0.22210030E+03  0.11108627E+04
  0.22206010E+03  0.22198230E+03  0.22197690E+03  0.22195660E+03  0.22194760E+03  0.11100854E+04
  0.22208310E+03  0.22200369E+03  0.22202640E+03  0.22202040E+03  0.22198959E+03  0.11102913E+04
  0.22207471E+03  0.22200670E+03  0.22196030E+03  0.22197610E+03  0.22196120E+03  0.11101377E+04
  0.22219740E+03  0.22207910E+03  0.22208530E+03  0.22208440E+03  0.22207280E+03  0.11106769E+04
  0.22216110E+03  0.22203740E+03  0.22205321E+03  0.22204950E+03  0.22202859E+03  0.11104879E+04
  0.22221989E+03  0.22213690E+03  0.22211971E+03  0.22212880E+03  0.22211310E+03  0.11108766E+04
  0.22226250E+03  0.22214230E+03  0.22213190E+03  0.22214780E+03  0.22215759E+03  0.11110007E+04
  0.22224800E+03  0.22213460E+03  0.22212720E+03  0.22210040E+03  0.22211470E+03  0.11108850E+04
  0.22200670E+03  0.22190950E+03  0.22194420E+03  0.22191260E+03  0.22193430E+03  0.11098647E+04
