  0.14711440E+03  0.14701540E+03  0.14702570E+03  0.14703439E+03  0.14702229E+03  0.73537012E+03
  0.14717599E+03  0.14704030E+03  0.14706180E+03  0.14707800E+03  0.14705080E+03  0.73556293E+03
  0.14711900E+03  0.14704250E+03  0.14703680E+03  0.14708630E+03  0.14711861E+03  0.73555957E+03
  0.14708490E+03  0.14702570E+03  0.14700420E+03  0.14702240E+03  0.14703751E+03  0.73533130E+03
  0.14721750E+03  0.14712601E+03  0.14711180E+03  0.14712621E+03  0.14712840E+03  0.73586823E+03
  0.14711549E+03  0.14705901E+03  0.14706599E+03  0.14705710E+03  0.14705490E+03  0.73550781E+03
  0.14715550E+03  0.14708200E+03  0.14710159E+03  0.14710770E+03  0.14709109E+03  0.73569391E+03
  0.14709129E+03  0.14702780E+03  0.14700819E+03  0.14702080E+03  0.14701180E+03  0.73531653E+03
  0.14713150E+03  0.14704539E+03  0.14704939E+03  0.14702029E+03  0.14703580E+03  0.73543762E+03
  0.14716701E+03  0.14707800E+03  0.14709810E+03  0.14710750E+03  0.14722380E+03  0.73582959E+03
