  0.82658401E+02  0.82491302E+02  0.82604301E+02  0.82632500E+02  0.82626404E+02  0.41316879E+03
  0.82629204E+02  0.82546600E+02  0.82491997E+02  0.82610603E+02  0.82624496E+02  0.41308209E+03
  0.82635902E+02  0.82563698E+02  0.82565697E+02  0.82662498E+02  0.82652298E+02  0.41323309E+03
  0.82676498E+02  0.82553200E+02  0.82587601E+02  0.82636703E+02  0.82601799E+02  0.41320990E+03
  0.82576500E+02  0.82501198E+02  0.82498199E+02  0.82568398E+02  0.82544899E+02  0.41284369E+03
  0.82527802E+02  0.82498802E+02  0.82532204E+02  0.82544296E+02  0.82546997E+02  0.41280389E+03
  0.82594002E+02  0.82542503E+02  0.82530800E+02  0.82606102E+02  0.82617599E+02  0.41304590E+03
  0.82556999E+02  0.82511299E+02  0.82497101E+02  0.82585899E+02  0.82568298E+02  0.41287619E+03
  0.82553398E+02  0.82496201E+02  0.82504501E+02  0.82526199E+02  0.82522102E+02  0.41275781E+03
  0.82591400E+02  0.82523300E+02  0.82568802E+02  0.82597900E+02  0.82591797E+02  0.41305350E+03
