  0.16955601E+02  0.16824900E+02  0.16828300E+02  0.16830099E+02  0.16827600E+02  0.84424599E+02
  0.16922199E+02  0.16826500E+02  0.16832500E+02  0.16830700E+02  0.16830700E+02  0.84399300E+02
  0.16927999E+02  0.16828600E+02  0.16829800E+02  0.16832701E+02  0.16831699E+02  0.84411499E+02
  0.16916901E+02  0.16830799E+02  0.16830601E+02  0.16832500E+02  0.16830799E+02  0.84397202E+02
  0.16929001E+02  0.16841900E+02  0.16843901E+02  0.16842100E+02  0.16842100E+02  0.84454102E+02
  0.16915800E+02  0.16830099E+02  0.16829399E+02  0.16829100E+02  0.16830700E+02  0.84390404E+02
  0.16921301E+02  0.16833599E+02  0.16833599E+02  0.16835600E+02  0.16833799E+02  0.84413498E+02
  0.16927401E+02  0.16839300E+02  0.16841999E+02  0.16840200E+02  0.16839899E+02  0.84444504E+02
  0.18049700E+02  0.17954500E+02  0.17957800E+02  0.17975300E+02  0.17959600E+02  0.90565300E+02
  0.16923800E+02  0.16832399E+02  0.16830200E+02  0.16837000E+02  0.16834200E+02  0.84412201E+02
