  0.12428500E+02  0.12280900E+02  0.12284500E+02  0.12280600E+02  0.12284300E+02  0.61716202E+02
  0.12413500E+02  0.12317600E+02  0.12322000E+02  0.12315200E+02  0.12316000E+02  0.61841702E+02
  0.12407500E+02  0.12311100E+02  0.12314200E+02  0.12310800E+02  0.12313500E+02  0.61814499E+02
  0.12393600E+02  0.12305100E+02  0.12303000E+02  0.12300300E+02  0.12310400E+02  0.61770000E+02
  0.12399500E+02  0.12310200E+02  0.12306300E+02  0.12303800E+02  0.12302700E+02  0.61779202E+02
  0.12400500E+02  0.12311300E+02  0.12303900E+02  0.12307900E+02  0.12309000E+02  0.61789902E+02
  0.12386500E+02  0.12295900E+02  0.12292500E+02  0.12295000E+02  0.12295500E+02  0.61723499E+02
  0.12392900E+02  0.12304700E+02  0.12298500E+02  0.12301700E+02  0.12304500E+02  0.61759300E+02
  0.12400700E+02  0.12303600E+02  0.12298500E+02  0.12301800E+02  0.12298200E+02  0.61760201E+02
  0.12398500E+02  0.12299000E+02  0.12360300E+02  0.12301400E+02  0.12293900E+02  0.61809799E+02
