  0.16448500E+02  0.16329800E+02  0.16322399E+02  0.16326799E+02  0.16327299E+02  0.81910797E+02
  0.16436600E+02  0.16334299E+02  0.16337099E+02  0.16338699E+02  0.16339600E+02  0.81943398E+02
  0.16420601E+02  0.16324200E+02  0.16328501E+02  0.16330299E+02  0.16329201E+02  0.81888000E+02
  0.16436001E+02  0.16347500E+02  0.16362000E+02  0.16347300E+02  0.16346300E+02  0.82505898E+02
  0.16409000E+02  0.16323099E+02  0.16322399E+02  0.16323000E+02  0.16320400E+02  0.81854500E+02
  0.16420601E+02  0.16328199E+02  0.16328100E+02  0.16330099E+02  0.16326200E+02  0.81888496E+02
  0.16426001E+02  0.16334801E+02  0.16337200E+02  0.16332800E+02  0.16336201E+02  0.81922699E+02
  0.16437201E+02  0.16347500E+02  0.16344000E+02  0.16343800E+02  0.16346500E+02  0.81974899E+02
  0.16421900E+02  0.16327801E+02  0.16325701E+02  0.16329100E+02  0.16331100E+02  0.81892899E+02
  0.16440701E+02  0.16347300E+02  0.16350599E+02  0.16353399E+02  0.16350599E+02  0.81998001E+02
