  0.12401600E+02  0.12312500E+02  0.12311200E+02  0.12325500E+02  0.12321800E+02  0.61828400E+02
  0.12417000E+02  0.12322100E+02  0.12321400E+02  0.12336000E+02  0.12336400E+02  0.61888000E+02
  0.12405700E+02  0.12319700E+02  0.12317300E+02  0.12316700E+02  0.12329200E+02  0.61868000E+02
  0.12404200E+02  0.12311900E+02  0.12321400E+02  0.12333500E+02  0.12327100E+02  0.61866901E+02
  0.14060400E+02  0.13970100E+02  0.13967500E+02  0.13978700E+02  0.13978500E+02  0.70628403E+02
  0.12402400E+02  0.12315200E+02  0.12311700E+02  0.12322800E+02  0.12318800E+02  0.61826801E+02
  0.12406200E+02  0.12316000E+02  0.12315000E+02  0.12328800E+02  0.12326700E+02  0.61846500E+02
  0.12397900E+02  0.12307400E+02  0.12307900E+02  0.12322700E+02  0.12319000E+02  0.61809399E+02
  0.12400900E+02  0.12301100E+02  0.12308400E+02  0.12324800E+02  0.12321500E+02  0.61810699E+02
  0.12401200E+02  0.12309000E+02  0.12315900E+02  0.12325500E+02  0.12324700E+02  0.61830101E+02
