  0.12845300E+02  0.12743900E+02  0.12747100E+02  0.12752700E+02  0.12745700E+02  0.63990398E+02
  0.12836200E+02  0.12741300E+02  0.12738300E+02  0.12803700E+02  0.12738100E+02  0.64011398E+02
  0.12832700E+02  0.12739900E+02  0.12735600E+02  0.12742200E+02  0.12738800E+02  0.63942799E+02
  0.12830000E+02  0.12780900E+02  0.12737700E+02  0.12743000E+02  0.12741200E+02  0.64010201E+02
  0.12835600E+02  0.12744600E+02  0.12741800E+02  0.12745800E+02  0.12745800E+02  0.63967701E+02
  0.12826300E+02  0.12736400E+02  0.12732700E+02  0.12738100E+02  0.12736600E+02  0.63924099E+02
  0.12827600E+02  0.12738100E+02  0.12733600E+02  0.12738600E+02  0.12737300E+02  0.63928101E+02
  0.12837100E+02  0.12793100E+02  0.12792600E+02  0.12752300E+02  0.12749100E+02  0.64130798E+02
  0.12824100E+02  0.12732900E+02  0.12729500E+02  0.12735500E+02  0.12732800E+02  0.63908001E+02
  0.12830700E+02  0.12781400E+02  0.12808200E+02  0.12956700E+02  0.12800900E+02  0.74239403E+02
