  0.12837900E+02  0.12714000E+02  0.12715000E+02  0.12717200E+02  0.12721100E+02  0.63859901E+02
  0.12814500E+02  0.12724300E+02  0.12725700E+02  0.12720500E+02  0.12726800E+02  0.63864601E+02
  0.12815300E+02  0.12726000E+02  0.12726500E+02  0.12722500E+02  0.12726800E+02  0.63868500E+02
  0.12809400E+02  0.12710500E+02  0.12717000E+02  0.12712500E+02  0.12716200E+02  0.63816799E+02
  0.12861300E+02  0.12734600E+02  0.12738400E+02  0.12734200E+02  0.12740000E+02  0.63962299E+02
  0.12821600E+02  0.12724400E+02  0.12730200E+02  0.12724800E+02  0.12730100E+02  0.63883400E+02
  0.13320800E+02  0.13223500E+02  0.13229300E+02  0.13228400E+02  0.13226500E+02  0.66380096E+02
  0.12831400E+02  0.12734800E+02  0.12740900E+02  0.12739900E+02  0.12736200E+02  0.63935799E+02
  0.12834800E+02  0.12738200E+02  0.12743800E+02  0.12742700E+02  0.12740100E+02  0.63950699E+02
  0.12826200E+02  0.12729500E+02  0.12734200E+02  0.12734700E+02  0.12731500E+02  0.63930698E+02
