  0.12832300E+02  0.12729400E+02  0.12732300E+02  0.12730600E+02  0.12731100E+02  0.63907299E+02
  0.12809500E+02  0.12707500E+02  0.12716300E+02  0.12716600E+02  0.12713900E+02  0.63816898E+02
  0.12842600E+02  0.12716400E+02  0.12720400E+02  0.12721000E+02  0.12717900E+02  0.63889400E+02
  0.12807700E+02  0.12708300E+02  0.12708700E+02  0.12705800E+02  0.12703200E+02  0.63786900E+02
  0.13487100E+02  0.13390300E+02  0.13407500E+02  0.13390900E+02  0.13384400E+02  0.67792099E+02
  0.13634900E+02  0.13537700E+02  0.13534900E+02  0.13539800E+02  0.13541300E+02  0.67941597E+02
  0.12806200E+02  0.12715700E+02  0.12713600E+02  0.12719600E+02  0.12721700E+02  0.63873699E+02
  0.12812500E+02  0.12724000E+02  0.12720400E+02  0.12725000E+02  0.12725800E+02  0.63860401E+02
  0.12824200E+02  0.12735000E+02  0.12731000E+02  0.12736000E+02  0.12737400E+02  0.63928398E+02
  0.12820700E+02  0.12733100E+02  0.12731000E+02  0.12773400E+02  0.12737900E+02  0.63975899E+02
