  0.13212200E+02  0.13069700E+02  0.13071600E+02  0.13081400E+02  0.13079400E+02  0.65683197E+02
  0.13165000E+02  0.13075600E+02  0.13130300E+02  0.13080400E+02  0.13078300E+02  0.65682800E+02
  0.13158000E+02  0.13068100E+02  0.13080000E+02  0.13072800E+02  0.13100000E+02  0.65734001E+02
  0.13162000E+02  0.13071600E+02  0.13072900E+02  0.13069500E+02  0.13073600E+02  0.65602997E+02
  0.13169400E+02  0.13074300E+02  0.13077600E+02  0.13073700E+02  0.13081500E+02  0.65642403E+02
  0.13162900E+02  0.13066200E+02  0.13071900E+02  0.13068100E+02  0.13072100E+02  0.65592598E+02
  0.13178000E+02  0.13079000E+02  0.13085500E+02  0.13080500E+02  0.13080500E+02  0.65656700E+02
  0.13159700E+02  0.13068200E+02  0.13074500E+02  0.13074600E+02  0.13071500E+02  0.65601097E+02
  0.13161600E+02  0.13063700E+02  0.13069800E+02  0.13070100E+02  0.13066800E+02  0.65595703E+02
  0.13169800E+02  0.13076300E+02  0.13072600E+02  0.13075200E+02  0.13066500E+02  0.65613098E+02
