  0.12344800E+02  0.12219700E+02  0.12215100E+02  0.12218600E+02  0.12214000E+02  0.61371498E+02
  0.12318300E+02  0.12226800E+02  0.12222500E+02  0.12225500E+02  0.12222200E+02  0.61373901E+02
  0.12317600E+02  0.12224500E+02  0.12220800E+02  0.12224500E+02  0.12219300E+02  0.61363499E+02
  0.12304600E+02  0.12205100E+02  0.12210800E+02  0.12209800E+02  0.12205200E+02  0.61294300E+02
  0.12342300E+02  0.12222900E+02  0.12228000E+02  0.12227500E+02  0.12223300E+02  0.61402401E+02
  0.12312300E+02  0.12214400E+02  0.12220700E+02  0.12214000E+02  0.12263800E+02  0.61406898E+02
  0.12315500E+02  0.12231000E+02  0.12224100E+02  0.12219300E+02  0.12221800E+02  0.61369301E+02
  0.12298500E+02  0.12210900E+02  0.12207600E+02  0.12204800E+02  0.12205500E+02  0.61285400E+02
  0.12293600E+02  0.12207400E+02  0.12208300E+02  0.12201800E+02  0.12206300E+02  0.61275501E+02
  0.12297800E+02  0.12209300E+02  0.12205900E+02  0.12210000E+02  0.12208400E+02  0.61289700E+02
