  0.12375000E+02  0.12287200E+02  0.12295200E+02  0.12265100E+02  0.12273000E+02  0.61705399E+02
  0.12357900E+02  0.12274600E+02  0.12283100E+02  0.12297400E+02  0.12305700E+02  0.61677101E+02
  0.12376000E+02  0.12247300E+02  0.12310900E+02  0.12266400E+02  0.12275200E+02  0.61634899E+02
  0.12338300E+02  0.12259300E+02  0.12246100E+02  0.12262200E+02  0.12276600E+02  0.61539501E+02
  0.12395400E+02  0.12305300E+02  0.12311900E+02  0.12323300E+02  0.12326200E+02  0.61820301E+02
  0.12367000E+02  0.12291800E+02  0.12297100E+02  0.12342700E+02  0.12319400E+02  0.61802601E+02
  0.13077800E+02  0.12991300E+02  0.12995500E+02  0.12999400E+02  0.13005900E+02  0.65226997E+02
  0.12383100E+02  0.12299800E+02  0.12302200E+02  0.12308000E+02  0.12368600E+02  0.61817402E+02
  0.12374000E+02  0.12283700E+02  0.12288800E+02  0.12302500E+02  0.12301800E+02  0.61707100E+02
  0.12381200E+02  0.12297400E+02  0.12298200E+02  0.12321300E+02  0.12323300E+02  0.61780399E+02
  0.16427999E+02  0.16343300E+02  0.16334000E+02  0.16336800E+02  0.16338100E+02  0.81941299E+02
  0.16420700E+02  0.16327200E+02  0.16326200E+02  0.16325899E+02  0.16323900E+02  0.81880997E+02
  0.16427299E+02  0.16322701E+02  0.16318100E+02  0.16314800E+02  0.16319700E+02  0.81856400E+02
  0.16429100E+02  0.16335400E+02  0.16335300E+02  0.16333000E+02  0.16337099E+02  0.81924896E+02
  0.16426600E+02  0.16338400E+02  0.16334499E+02  0.16340700E+02  0.16337000E+02  0.81932297E+02
  0.17635401E+02  0.17547100E+02  0.17542801E+02  0.17547800E+02  0.17543400E+02  0.87978104E+02
  0.16420700E+02  0.16327600E+02  0.16323799E+02  0.16327700E+02  0.16328600E+02  0.81883003E+02
  0.16411900E+02  0.16318501E+02  0.16317900E+02  0.16320299E+02  0.16320999E+02  0.81847702E+02
  0.16422501E+02  0.16328600E+02  0.16333099E+02  0.16332300E+02  0.16344601E+02  0.81916901E+02
  0.16408800E+02  0.16306000E+02  0.16312901E+02  0.16314899E+02  0.16316500E+02  0.81813499E+02
