  0.16495100E+02  0.16401400E+02  0.16401800E+02  0.16405100E+02  0.16410299E+02  0.82271896E+02
  0.16475700E+02  0.16388000E+02  0.16393400E+02  0.16394699E+02  0.16398001E+02  0.82219299E+02
  0.16480499E+02  0.16392599E+02  0.16390900E+02  0.16400200E+02  0.16401600E+02  0.82237602E+02
  0.16481600E+02  0.16388201E+02  0.16391899E+02  0.16401501E+02  0.16403000E+02  0.82224899E+02
  0.16472700E+02  0.16382000E+02  0.16387800E+02  0.16392900E+02  0.16395300E+02  0.82186798E+02
  0.16484100E+02  0.16395800E+02  0.16401100E+02  0.16406500E+02  0.16407000E+02  0.82251602E+02
  0.16484900E+02  0.16399401E+02  0.16400700E+02  0.16405001E+02  0.16406500E+02  0.82253304E+02
  0.16468599E+02  0.16386499E+02  0.16383301E+02  0.16395800E+02  0.16392300E+02  0.82183197E+02
  0.16531601E+02  0.16442801E+02  0.16445601E+02  0.16447399E+02  0.16450001E+02  0.82473900E+02
  0.16486401E+02  0.16397699E+02  0.16398100E+02  0.16401300E+02  0.16405800E+02  0.82245903E+02
