  0.15120000E+02  0.14896900E+02  0.14892000E+02  0.14882000E+02  0.14887800E+02  0.74839600E+02
  0.15055900E+02  0.14819400E+02  0.14823600E+02  0.14824400E+02  0.14834300E+02  0.74515800E+02
  0.15021800E+02  0.14833600E+02  0.14836500E+02  0.14831000E+02  0.14836100E+02  0.75535896E+02
  0.15140200E+02  0.14858300E+02  0.14864400E+02  0.14862500E+02  0.14861500E+02  0.74745003E+02
  0.15047900E+02  0.14859100E+02  0.14858000E+02  0.14854900E+02  0.14859900E+02  0.74636002E+02
  0.15056000E+02  0.14832700E+02  0.14831300E+02  0.14834800E+02  0.14837200E+02  0.74563004E+02
  0.15047200E+02  0.14916700E+02  0.14858500E+02  0.14858500E+02  0.14860500E+02  0.74698196E+02
  0.15055300E+02  0.14834100E+02  0.14830000E+02  0.14836500E+02  0.14833800E+02  0.74546997E+02
  0.15002400E+02  0.14819700E+02  0.14820500E+02  0.14811900E+02  0.14825800E+02  0.74435204E+02
  0.15059900E+02  0.14843400E+02  0.14838200E+02  0.14842100E+02  0.14843100E+02  0.74580704E+02
