  0.84208002E+01  0.83994999E+01  0.83977003E+01  0.84006004E+01  0.83978996E+01  0.42185600E+02
  0.83923998E+01  0.83955002E+01  0.83930998E+01  0.83957005E+01  0.83941002E+01  0.42146900E+02
  0.83923998E+01  0.83958998E+01  0.83935003E+01  0.84006996E+01  0.83984003E+01  0.42139999E+02
  0.84247999E+01  0.84274998E+01  0.84258003E+01  0.84291000E+01  0.84266005E+01  0.42292198E+02
  0.84260998E+01  0.84298000E+01  0.84277000E+01  0.84301996E+01  0.84281998E+01  0.42302399E+02
  0.84308996E+01  0.84344997E+01  0.84322996E+01  0.84351997E+01  0.84329996E+01  0.42323002E+02
  0.84292002E+01  0.84327002E+01  0.84317999E+01  0.84337997E+01  0.84316998E+01  0.42317299E+02
  0.84158001E+01  0.84194002E+01  0.84172001E+01  0.84195995E+01  0.84179001E+01  0.42280899E+02
  0.84148998E+01  0.84182997E+01  0.84157000E+01  0.84184999E+01  0.84173002E+01  0.42242901E+02
  0.84118004E+01  0.84146996E+01  0.84132996E+01  0.84207001E+01  0.84188004E+01  0.42237801E+02
