  0.84863005E+01  0.84527998E+01  0.84511003E+01  0.84516001E+01  0.84542999E+01  0.42461300E+02
  0.84236002E+01  0.84259005E+01  0.84236002E+01  0.84235001E+01  0.84256001E+01  0.42276100E+02
  0.84533997E+01  0.84573002E+01  0.84542999E+01  0.84548998E+01  0.84565001E+01  0.42435200E+02
  0.84527998E+01  0.84559002E+01  0.84539003E+01  0.84542999E+01  0.84563999E+01  0.42427502E+02
  0.84264002E+01  0.84293003E+01  0.84272003E+01  0.84267998E+01  0.84289999E+01  0.42384399E+02
  0.84632998E+01  0.84410000E+01  0.84380999E+01  0.84385004E+01  0.84406996E+01  0.42375198E+02
  0.84580002E+01  0.84614000E+01  0.84596004E+01  0.84596004E+01  0.84618998E+01  0.42453499E+02
  0.84280996E+01  0.84320002E+01  0.84294004E+01  0.84288998E+01  0.84309998E+01  0.42301800E+02
  0.84461002E+01  0.84509001E+01  0.85042000E+01  0.84596004E+01  0.84829998E+01  0.42629601E+02
  0.84259996E+01  0.84289999E+01  0.84270000E+01  0.84275999E+01  0.84294004E+01  0.42294102E+02
