  0.84659004E+01  0.84111996E+01  0.84054003E+01  0.84067001E+01  0.84088001E+01  0.42278599E+02
  0.84376001E+01  0.84202995E+01  0.84184999E+01  0.84188995E+01  0.84216003E+01  0.42276001E+02
  0.84490995E+01  0.84525995E+01  0.84499998E+01  0.84507999E+01  0.84537001E+01  0.42414299E+02
  0.84190998E+01  0.84228001E+01  0.84202995E+01  0.84205999E+01  0.84233999E+01  0.42264801E+02
  0.84273005E+01  0.84308996E+01  0.84285002E+01  0.84294996E+01  0.84327002E+01  0.42305401E+02
  0.84245005E+01  0.84280005E+01  0.84261999E+01  0.84265003E+01  0.84301004E+01  0.42293400E+02
  0.84231005E+01  0.84270000E+01  0.84246998E+01  0.84251003E+01  0.84277000E+01  0.42285801E+02
  0.84097004E+01  0.84126997E+01  0.84112997E+01  0.84117002E+01  0.84161997E+01  0.42220200E+02
  0.91039000E+01  0.91062002E+01  0.91042995E+01  0.91049004E+01  0.91071997E+01  0.45685200E+02
  0.84245005E+01  0.84287996E+01  0.84259996E+01  0.84285002E+01  0.84271002E+01  0.42293400E+02
