  0.85177002E+01  0.84327002E+01  0.84350004E+01  0.84326000E+01  0.84359999E+01  0.42431198E+02
  0.84208002E+01  0.84215002E+01  0.84239998E+01  0.84226999E+01  0.84251003E+01  0.42285999E+02
  0.84336004E+01  0.84350004E+01  0.84384003E+01  0.84359999E+01  0.84382000E+01  0.42345798E+02
  0.92097998E+01  0.92103004E+01  0.92126999E+01  0.92110996E+01  0.92144003E+01  0.46219200E+02
  0.84029999E+01  0.84041996E+01  0.84064999E+01  0.84049997E+01  0.84071999E+01  0.42186901E+02
  0.84083996E+01  0.84092999E+01  0.84127998E+01  0.84104996E+01  0.84125996E+01  0.42215900E+02
  0.84139004E+01  0.84145002E+01  0.84169998E+01  0.84158001E+01  0.84182997E+01  0.42237999E+02
  0.84160995E+01  0.84174004E+01  0.84194002E+01  0.84176998E+01  0.84203997E+01  0.42249699E+02
  0.84188995E+01  0.84195995E+01  0.84231005E+01  0.84205999E+01  0.84235001E+01  0.42265999E+02
  0.84436998E+01  0.84450998E+01  0.84477997E+01  0.84461002E+01  0.84492998E+01  0.42400398E+02
