  0.83474998E+01  0.83072996E+01  0.83525000E+01  0.83214998E+01  0.83465004E+01  0.41973499E+02
  0.83238001E+01  0.83204002E+01  0.83184004E+01  0.83199997E+01  0.83170996E+01  0.41755299E+02
  0.91679001E+01  0.91653996E+01  0.92216997E+01  0.91808996E+01  0.91640997E+01  0.46084900E+02
  0.83267002E+01  0.83739996E+01  0.83830004E+01  0.83374004E+01  0.83638000E+01  0.42013401E+02
  0.83153000E+01  0.83130999E+01  0.83135996E+01  0.83107996E+01  0.83102999E+01  0.41718399E+02
  0.83178997E+01  0.83149004E+01  0.83146000E+01  0.83153000E+01  0.83116999E+01  0.41728699E+02
  0.83123999E+01  0.83106003E+01  0.83083000E+01  0.83100996E+01  0.83079004E+01  0.41704700E+02
  0.83063002E+01  0.83048000E+01  0.83043003E+01  0.83042002E+01  0.83016996E+01  0.41677101E+02
  0.83179998E+01  0.83141003E+01  0.83142996E+01  0.83149004E+01  0.83111000E+01  0.41727699E+02
  0.83142004E+01  0.83108997E+01  0.83128996E+01  0.83129997E+01  0.83112001E+01  0.41719101E+02
