  0.13049900E+02  0.13059300E+02  0.13061000E+02  0.13059500E+02  0.13061400E+02  0.65482399E+02
  0.13047000E+02  0.13054400E+02  0.13057700E+02  0.13056100E+02  0.13058600E+02  0.65447304E+02
  0.13037500E+02  0.13041800E+02  0.13044800E+02  0.13044300E+02  0.13044700E+02  0.65421898E+02
  0.13041000E+02  0.13045500E+02  0.13048700E+02  0.13049200E+02  0.13047700E+02  0.65434402E+02
  0.13044000E+02  0.13048300E+02  0.13059500E+02  0.13054300E+02  0.13050400E+02  0.65418404E+02
  0.13049500E+02  0.13058900E+02  0.13057600E+02  0.13060300E+02  0.13058600E+02  0.65454498E+02
  0.13068700E+02  0.13079000E+02  0.13076600E+02  0.13079900E+02  0.13080500E+02  0.65556999E+02
  0.13054900E+02  0.13066300E+02  0.13063900E+02  0.13067600E+02  0.13068000E+02  0.65480797E+02
  0.13055900E+02  0.13067400E+02  0.13065300E+02  0.13067800E+02  0.13069700E+02  0.65503502E+02
  0.13031700E+02  0.13043600E+02  0.13043200E+02  0.13043000E+02  0.13045200E+02  0.65367104E+02
