  0.18306400E+02  0.18230000E+02  0.18212099E+02  0.18212299E+02  0.18211300E+02  0.91385399E+02
  0.18458000E+02  0.18397499E+02  0.18400700E+02  0.18401699E+02  0.18403299E+02  0.92220703E+02
  0.18175699E+02  0.18119101E+02  0.18120701E+02  0.18117100E+02  0.18120399E+02  0.90810501E+02
  0.18265900E+02  0.18209700E+02  0.18210501E+02  0.18209900E+02  0.18212799E+02  0.91281403E+02
  0.18197701E+02  0.18137501E+02  0.18141399E+02  0.18143200E+02  0.18142000E+02  0.90918297E+02
  0.18253000E+02  0.18194599E+02  0.18194201E+02  0.18192600E+02  0.18194401E+02  0.91185799E+02
  0.18527700E+02  0.18469500E+02  0.18470100E+02  0.18473400E+02  0.18469999E+02  0.92584702E+02
  0.18041700E+02  0.17982201E+02  0.17987900E+02  0.17987900E+02  0.17986401E+02  0.90145302E+02
  0.18210699E+02  0.18154600E+02  0.18154900E+02  0.18152000E+02  0.18155800E+02  0.90999901E+02
  0.18181299E+02  0.18125299E+02  0.18125999E+02  0.18126801E+02  0.18125500E+02  0.90853600E+02
