  0.77038999E+01  0.76989999E+01  0.76992998E+01  0.77020001E+01  0.76991000E+01  0.38722801E+02
  0.77403002E+01  0.77423000E+01  0.77381001E+01  0.77399001E+01  0.77378998E+01  0.38909100E+02
  0.77248998E+01  0.77245998E+01  0.77188001E+01  0.77195001E+01  0.77202001E+01  0.38768299E+02
  0.76897998E+01  0.76922998E+01  0.76894999E+01  0.76880999E+01  0.76919999E+01  0.38610001E+02
  0.77315001E+01  0.77318001E+01  0.77326999E+01  0.77309999E+01  0.77302999E+01  0.38830299E+02
  0.77131000E+01  0.77094002E+01  0.77119002E+01  0.77097001E+01  0.77094002E+01  0.38711201E+02
  0.77234001E+01  0.77195001E+01  0.77196999E+01  0.77210002E+01  0.77207999E+01  0.38763500E+02
  0.77199001E+01  0.77199998E+01  0.77181001E+01  0.77188001E+01  0.77178001E+01  0.38811600E+02
  0.77073998E+01  0.77098999E+01  0.77066998E+01  0.77055998E+01  0.77097998E+01  0.38698399E+02
  0.77219000E+01  0.77233000E+01  0.77228999E+01  0.77203002E+01  0.77245002E+01  0.38821098E+02
