  0.78192000E+01  0.78580999E+01  0.78599000E+01  0.78130002E+01  0.78463001E+01  0.39454899E+02
  0.78079000E+01  0.77848001E+01  0.77880998E+01  0.77958002E+01  0.77863002E+01  0.39884602E+02
  0.77927999E+01  0.77916002E+01  0.77962999E+01  0.77926998E+01  0.77947998E+01  0.39149399E+02
  0.78102999E+01  0.78080001E+01  0.78085999E+01  0.78062000E+01  0.78056998E+01  0.39200901E+02
  0.77953000E+01  0.77915001E+01  0.77921000E+01  0.77951002E+01  0.77915001E+01  0.39126400E+02
  0.77809000E+01  0.77775998E+01  0.77776999E+01  0.77807002E+01  0.77768998E+01  0.39054699E+02
  0.78046999E+01  0.78058000E+01  0.78034000E+01  0.78028998E+01  0.78046999E+01  0.39185001E+02
  0.77954001E+01  0.77947998E+01  0.77944999E+01  0.77944002E+01  0.77972999E+01  0.39138199E+02
  0.78031998E+01  0.78045998E+01  0.78053999E+01  0.78014002E+01  0.78028002E+01  0.39178699E+02
  0.78551998E+01  0.79141998E+01  0.79047999E+01  0.79050999E+01  0.79068999E+01  0.39773998E+02
