  0.78262000E+01  0.77870002E+01  0.77904000E+01  0.77923999E+01  0.77887998E+01  0.39146198E+02
  0.78298001E+01  0.78252001E+01  0.78281002E+01  0.78308001E+01  0.78255000E+01  0.39299198E+02
  0.78045001E+01  0.78048000E+01  0.78094001E+01  0.78081002E+01  0.78102002E+01  0.39196602E+02
  0.77852998E+01  0.77870002E+01  0.77919002E+01  0.77863998E+01  0.77880998E+01  0.39112099E+02
  0.77831001E+01  0.77804999E+01  0.77863998E+01  0.77832999E+01  0.77848001E+01  0.39077400E+02
  0.77821002E+01  0.77803001E+01  0.77841001E+01  0.77846999E+01  0.77828999E+01  0.39074001E+02
  0.78133998E+01  0.78617001E+01  0.78084002E+01  0.78094001E+01  0.78101001E+01  0.39286499E+02
  0.78253002E+01  0.78207998E+01  0.78218002E+01  0.78277001E+01  0.78221002E+01  0.39278099E+02
  0.77915001E+01  0.77929001E+01  0.77895002E+01  0.77953000E+01  0.77916002E+01  0.39132198E+02
  0.77649002E+01  0.77708998E+01  0.77655001E+01  0.77630000E+01  0.77670999E+01  0.38992100E+02
