  0.74053998E+01  0.73695998E+01  0.73685002E+01  0.73673000E+01  0.73701000E+01  0.37046600E+02
  0.73807998E+01  0.73813000E+01  0.73832002E+01  0.73811998E+01  0.73811998E+01  0.37073399E+02
  0.73917999E+01  0.74007001E+01  0.73888001E+01  0.73919001E+01  0.73881001E+01  0.39361099E+02
  0.73860998E+01  0.73540001E+01  0.73537002E+01  0.73555999E+01  0.73537998E+01  0.36966801E+02
  0.73730001E+01  0.73766999E+01  0.73737998E+01  0.73734999E+01  0.73758998E+01  0.37035801E+02
  0.73601999E+01  0.73614001E+01  0.73631001E+01  0.73611999E+01  0.73611002E+01  0.36992802E+02
  0.73592000E+01  0.73571000E+01  0.73571000E+01  0.73593001E+01  0.73572998E+01  0.36951900E+02
  0.73529000E+01  0.73555999E+01  0.73540001E+01  0.73568001E+01  0.73541002E+01  0.36934299E+02
  0.73529000E+01  0.73562999E+01  0.73540001E+01  0.73540001E+01  0.73565001E+01  0.36961399E+02
  0.73498998E+01  0.73506999E+01  0.73537002E+01  0.73505001E+01  0.73506999E+01  0.36916801E+02
