  0.77933002E+01  0.77568998E+01  0.77596002E+01  0.77564998E+01  0.77558999E+01  0.38980801E+02
  0.77596002E+01  0.77582002E+01  0.77592001E+01  0.77575002E+01  0.77581000E+01  0.38944500E+02
  0.77652998E+01  0.77623000E+01  0.77617998E+01  0.77638001E+01  0.77614002E+01  0.38969200E+02
  0.77596998E+01  0.77607002E+01  0.77586999E+01  0.77621002E+01  0.77588000E+01  0.38951801E+02
  0.77557001E+01  0.77568998E+01  0.77557001E+01  0.77554002E+01  0.77571998E+01  0.38933800E+02
  0.77549000E+01  0.77581000E+01  0.77550998E+01  0.77547002E+01  0.77568002E+01  0.38931000E+02
  0.77575002E+01  0.77571998E+01  0.77589998E+01  0.77572999E+01  0.77577000E+01  0.38941898E+02
  0.77642002E+01  0.77610002E+01  0.77631998E+01  0.77609000E+01  0.77609000E+01  0.38960999E+02
  0.77614002E+01  0.77586002E+01  0.77585001E+01  0.77614999E+01  0.77586999E+01  0.38949402E+02
  0.77595000E+01  0.77568002E+01  0.77577000E+01  0.77584000E+01  0.77567000E+01  0.38940701E+02
