  0.74018998E+01  0.73690000E+01  0.73720999E+01  0.73692002E+01  0.73692002E+01  0.37040699E+02
  0.73701000E+01  0.73694000E+01  0.73681998E+01  0.73706999E+01  0.73685002E+01  0.37002998E+02
  0.73586001E+01  0.73564000E+01  0.73568001E+01  0.73599000E+01  0.73568001E+01  0.36945000E+02
  0.73586001E+01  0.73618002E+01  0.73593998E+01  0.73590002E+01  0.73625002E+01  0.36957199E+02
  0.73513999E+01  0.73526001E+01  0.73562002E+01  0.73525000E+01  0.73525000E+01  0.36921600E+02
  0.73829999E+01  0.73817000E+01  0.73814001E+01  0.74554000E+01  0.73817000E+01  0.37188400E+02
  0.73817000E+01  0.73797998E+01  0.73794999E+01  0.74229002E+01  0.73799000E+01  0.37126701E+02
  0.73614998E+01  0.73650999E+01  0.73621998E+01  0.73621001E+01  0.73771000E+01  0.39974400E+02
  0.73776999E+01  0.73632002E+01  0.73617001E+01  0.73611999E+01  0.73639002E+01  0.36985901E+02
  0.73492999E+01  0.73505998E+01  0.73520999E+01  0.73499999E+01  0.73499999E+01  0.36909698E+02
