  0.53129001E+01  0.53123999E+01  0.53140998E+01  0.53127999E+01  0.53120999E+01  0.26716000E+02
  0.53360000E+01  0.53323002E+01  0.53320999E+01  0.53319001E+01  0.53348999E+01  0.26819300E+02
  0.52497001E+01  0.52501998E+01  0.52493000E+01  0.52502999E+01  0.52481999E+01  0.26399799E+02
  0.53006001E+01  0.53003998E+01  0.53030000E+01  0.53006001E+01  0.53003998E+01  0.26657000E+02
  0.54358001E+01  0.54375000E+01  0.54352999E+01  0.54351001E+01  0.54354000E+01  0.27331699E+02
  0.53309002E+01  0.53281002E+01  0.53277001E+01  0.53270998E+01  0.53304000E+01  0.26794300E+02
  0.53084002E+01  0.53074999E+01  0.53076000E+01  0.53098001E+01  0.53067999E+01  0.26693199E+02
  0.54074998E+01  0.54066000E+01  0.54085999E+01  0.54067001E+01  0.54068999E+01  0.27190001E+02
  0.52965999E+01  0.52989001E+01  0.52962999E+01  0.52954998E+01  0.52961001E+01  0.26636900E+02
  0.53129001E+01  0.53104000E+01  0.53102002E+01  0.53105998E+01  0.53133001E+01  0.26709600E+02
