  0.51901002E+01  0.51869998E+01  0.51865001E+01  0.51861000E+01  0.51893001E+01  0.26097300E+02
  0.52701998E+01  0.52698002E+01  0.52700000E+01  0.52719002E+01  0.52701001E+01  0.26506399E+02
  0.53590002E+01  0.53579001E+01  0.53617001E+01  0.53583999E+01  0.53583002E+01  0.26950500E+02
  0.52259998E+01  0.52276001E+01  0.52252998E+01  0.52252998E+01  0.52252002E+01  0.26282600E+02
  0.52838001E+01  0.52810998E+01  0.52810001E+01  0.52809000E+01  0.52845001E+01  0.26566200E+02
  0.52620001E+01  0.52610998E+01  0.52612000E+01  0.52639999E+01  0.52617998E+01  0.26465799E+02
  0.52237000E+01  0.52234998E+01  0.52255001E+01  0.52234998E+01  0.52231998E+01  0.26273100E+02
  0.52978001E+01  0.53004999E+01  0.52971001E+01  0.52972999E+01  0.52974000E+01  0.26646000E+02
  0.51908998E+01  0.51882000E+01  0.51883998E+01  0.51883998E+01  0.51907001E+01  0.26101999E+02
  0.52315001E+01  0.52315001E+01  0.52314000E+01  0.52342000E+01  0.52312999E+01  0.26314199E+02
