  0.53674002E+01  0.53357000E+01  0.53392000E+01  0.53358998E+01  0.53357000E+01  0.26865200E+02
  0.52992001E+01  0.53013000E+01  0.52981000E+01  0.52990999E+01  0.52982001E+01  0.26647699E+02
  0.52347999E+01  0.52308002E+01  0.52308998E+01  0.52305999E+01  0.52343998E+01  0.26312700E+02
  0.52249999E+01  0.52248001E+01  0.52245002E+01  0.52262998E+01  0.52248998E+01  0.26276699E+02
  0.52691002E+01  0.52669001E+01  0.52691998E+01  0.52673001E+01  0.52663999E+01  0.26490000E+02
  0.53776002E+01  0.53797002E+01  0.54136000E+01  0.54207001E+01  0.53769999E+01  0.27192600E+02
  0.53393998E+01  0.53771000E+01  0.53146000E+01  0.53147001E+01  0.53171000E+01  0.26841499E+02
  0.52905998E+01  0.52893000E+01  0.52895002E+01  0.52923002E+01  0.52893000E+01  0.26604799E+02
  0.51936998E+01  0.51917000E+01  0.51932998E+01  0.51918001E+01  0.51915998E+01  0.26114599E+02
  0.52416000E+01  0.52430000E+01  0.52406001E+01  0.52406998E+01  0.52403998E+01  0.26358900E+02
