  0.51691999E+01  0.51355000E+01  0.51364002E+01  0.51387000E+01  0.51363001E+01  0.25871099E+02
  0.51938000E+01  0.51933999E+01  0.51946001E+01  0.51933999E+01  0.51932998E+01  0.26134001E+02
  0.51743002E+01  0.51770000E+01  0.51729002E+01  0.51739998E+01  0.51736999E+01  0.26027800E+02
  0.53091998E+01  0.53067999E+01  0.53065000E+01  0.53065000E+01  0.53087001E+01  0.26690901E+02
  0.53281999E+01  0.53302002E+01  0.53302002E+01  0.53330002E+01  0.53297000E+01  0.26804899E+02
  0.51992998E+01  0.51988001E+01  0.52013001E+01  0.51989002E+01  0.51988001E+01  0.26151199E+02
  0.51325002E+01  0.51334000E+01  0.51321001E+01  0.51320000E+01  0.51318002E+01  0.25817600E+02
  0.53744001E+01  0.53508000E+01  0.53515000E+01  0.53512001E+01  0.53530998E+01  0.26937099E+02
  0.52448001E+01  0.52950001E+01  0.52286000E+01  0.52305999E+01  0.52291999E+01  0.26410200E+02
  0.51567998E+01  0.51322999E+01  0.51350999E+01  0.51321001E+01  0.51325998E+01  0.25844500E+02
