  0.51103001E+01  0.51195998E+01  0.51451998E+01  0.51759000E+01  0.51096001E+01  0.25853500E+02
  0.52652998E+01  0.52630000E+01  0.52628002E+01  0.52628002E+01  0.52645998E+01  0.26474100E+02
  0.52203999E+01  0.52196999E+01  0.52198000E+01  0.52226000E+01  0.52196002E+01  0.26257099E+02
  0.51630001E+01  0.51647000E+01  0.51638999E+01  0.51627998E+01  0.51627998E+01  0.25971399E+02
  0.51648998E+01  0.51658001E+01  0.51641002E+01  0.51637001E+01  0.51645002E+01  0.25978701E+02
  0.51602001E+01  0.51566000E+01  0.51570001E+01  0.51564999E+01  0.51584001E+01  0.25943501E+02
  0.54222002E+01  0.54219999E+01  0.54214001E+01  0.54228001E+01  0.54218998E+01  0.27270800E+02
  0.50904999E+01  0.50900002E+01  0.50929999E+01  0.50897002E+01  0.50899000E+01  0.25607500E+02
  0.52858000E+01  0.52621002E+01  0.52603002E+01  0.52603002E+01  0.52603998E+01  0.26482100E+02
  0.52659001E+01  0.52632999E+01  0.52632999E+01  0.52768998E+01  0.52663002E+01  0.26554300E+02
