  0.59766998E+01  0.59383998E+01  0.59383998E+01  0.59418001E+01  0.59389000E+01  0.29898899E+02
  0.59664001E+01  0.59668002E+01  0.59622002E+01  0.59713998E+01  0.59612999E+01  0.30004601E+02
  0.59425998E+01  0.59404001E+01  0.59348998E+01  0.59432998E+01  0.59398999E+01  0.29855101E+02
  0.59116998E+01  0.59106998E+01  0.59109001E+01  0.59018002E+01  0.59026999E+01  0.29692200E+02
  0.59675002E+01  0.59636002E+01  0.59635000E+01  0.59661999E+01  0.59664998E+01  0.29982500E+02
  0.59289999E+01  0.59312000E+01  0.59309001E+01  0.59281998E+01  0.59287000E+01  0.29802500E+02
  0.59063001E+01  0.59117999E+01  0.59073000E+01  0.59127998E+01  0.59113002E+01  0.29704700E+02
  0.59145002E+01  0.59812999E+01  0.59232001E+01  0.59120998E+01  0.59424000E+01  0.29877001E+02
  0.59352999E+01  0.59103999E+01  0.59162002E+01  0.59131999E+01  0.59113998E+01  0.29739901E+02
  0.59663000E+01  0.59605999E+01  0.59626999E+01  0.59987998E+01  0.59612999E+01  0.30005100E+02
