  0.51845999E+01  0.51494999E+01  0.51518998E+01  0.51494999E+01  0.51493001E+01  0.25951200E+02
  0.52158999E+01  0.52150002E+01  0.52825999E+01  0.52150002E+01  0.52151999E+01  0.26298000E+02
  0.51543999E+01  0.51557999E+01  0.51538000E+01  0.51536999E+01  0.51536002E+01  0.25925100E+02
  0.51111999E+01  0.51083999E+01  0.51083999E+01  0.51083002E+01  0.51107998E+01  0.25704000E+02
  0.51911001E+01  0.51907001E+01  0.51904001E+01  0.51908998E+01  0.51897998E+01  0.26108200E+02
  0.52824001E+01  0.52818999E+01  0.52842999E+01  0.52813001E+01  0.52813001E+01  0.26565399E+02
  0.51739001E+01  0.51761999E+01  0.51729002E+01  0.51726999E+01  0.51731000E+01  0.26024300E+02
  0.51830001E+01  0.51791000E+01  0.51789999E+01  0.51787000E+01  0.51816001E+01  0.26057100E+02
  0.52091999E+01  0.52083998E+01  0.52083998E+01  0.52111001E+01  0.52087002E+01  0.26198799E+02
  0.51520000E+01  0.51515999E+01  0.51536999E+01  0.51514001E+01  0.51518002E+01  0.25913601E+02
