  0.52247000E+01  0.52138000E+01  0.52158999E+01  0.52140002E+01  0.52133999E+01  0.26240400E+02
  0.51444001E+01  0.51457000E+01  0.51436000E+01  0.51437998E+01  0.51433001E+01  0.25878700E+02
  0.51767998E+01  0.51732001E+01  0.51728001E+01  0.51729999E+01  0.51747999E+01  0.26027700E+02
  0.51206999E+01  0.51199002E+01  0.51198001E+01  0.51220999E+01  0.51198001E+01  0.25759100E+02
  0.52417002E+01  0.52410998E+01  0.52438002E+01  0.52413001E+01  0.52407999E+01  0.26367001E+02
  0.50731001E+01  0.50748000E+01  0.50723000E+01  0.50725999E+01  0.50721002E+01  0.25523899E+02
  0.52289000E+01  0.52262998E+01  0.52259998E+01  0.52261000E+01  0.52290001E+01  0.26294001E+02
  0.52456002E+01  0.52449999E+01  0.52448001E+01  0.52470002E+01  0.52451000E+01  0.26384501E+02
  0.50727000E+01  0.50724001E+01  0.50735998E+01  0.50724001E+01  0.50718999E+01  0.25519600E+02
  0.53274999E+01  0.53301001E+01  0.53267999E+01  0.53269000E+01  0.53267002E+01  0.26796801E+02
