  0.52247000E+01  0.52244000E+01  0.52240000E+01  0.52259998E+01  0.52245002E+01  0.26289400E+02
  0.52332001E+01  0.52328000E+01  0.52365999E+01  0.52322998E+01  0.52329998E+01  0.26326900E+02
  0.51882000E+01  0.51894002E+01  0.51863999E+01  0.51876998E+01  0.51873999E+01  0.26097601E+02
  0.50952001E+01  0.50960999E+01  0.50939999E+01  0.50942001E+01  0.50942998E+01  0.25632299E+02
  0.51339998E+01  0.51311002E+01  0.51311002E+01  0.51310000E+01  0.51332998E+01  0.25824600E+02
  0.53341999E+01  0.53340998E+01  0.53337002E+01  0.53354998E+01  0.53337998E+01  0.26830000E+02
  0.52547998E+01  0.52539001E+01  0.52572999E+01  0.52539001E+01  0.52535000E+01  0.26433001E+02
  0.53091002E+01  0.53105001E+01  0.53083000E+01  0.53076000E+01  0.53083000E+01  0.26703100E+02
  0.50839000E+01  0.50816002E+01  0.50818000E+01  0.50818000E+01  0.50844002E+01  0.25572201E+02
  0.52814002E+01  0.52817998E+01  0.52807999E+01  0.52845998E+01  0.52814999E+01  0.26568001E+02
