  0.50967002E+01  0.50764999E+01  0.50743999E+01  0.50746002E+01  0.50741000E+01  0.25560200E+02
  0.50655999E+01  0.50627999E+01  0.50629001E+01  0.50627999E+01  0.50661998E+01  0.25478701E+02
  0.52982998E+01  0.52976999E+01  0.52982001E+01  0.52997999E+01  0.52981000E+01  0.26652100E+02
  0.51486001E+01  0.51473999E+01  0.51499000E+01  0.51476002E+01  0.51480999E+01  0.25899000E+02
  0.51241002E+01  0.51276999E+01  0.51247001E+01  0.51247001E+01  0.51247001E+01  0.25787600E+02
  0.52006001E+01  0.51978998E+01  0.51974001E+01  0.51975002E+01  0.51999998E+01  0.26150999E+02
  0.51082001E+01  0.51079998E+01  0.51076002E+01  0.51121998E+01  0.51078000E+01  0.25702900E+02
  0.52934999E+01  0.52933002E+01  0.52947998E+01  0.52934999E+01  0.52930002E+01  0.26627600E+02
  0.51408000E+01  0.51424999E+01  0.51406002E+01  0.51396999E+01  0.51399999E+01  0.25861601E+02
  0.53309002E+01  0.53337998E+01  0.53313999E+01  0.53311000E+01  0.53322001E+01  0.26844500E+02
