  0.63221002E+01  0.62781000E+01  0.62644000E+01  0.62642002E+01  0.62676001E+01  0.31649500E+02
  0.62673998E+01  0.62662001E+01  0.62698002E+01  0.62666001E+01  0.62665000E+01  0.31487400E+02
  0.62645001E+01  0.62660999E+01  0.62637000E+01  0.62632999E+01  0.62666998E+01  0.31474199E+02
  0.62704000E+01  0.62697001E+01  0.62709999E+01  0.62702999E+01  0.62701998E+01  0.31500000E+02
  0.62663002E+01  0.62684002E+01  0.62656999E+01  0.62656002E+01  0.62686000E+01  0.31483601E+02
  0.62663002E+01  0.62655001E+01  0.62652998E+01  0.62680998E+01  0.62656002E+01  0.31481501E+02
  0.62863998E+01  0.62691998E+01  0.62659001E+01  0.62662001E+01  0.62690001E+01  0.31517599E+02
  0.62698998E+01  0.62690001E+01  0.62688999E+01  0.62714000E+01  0.62687998E+01  0.31497000E+02
  0.62680001E+01  0.62701001E+01  0.62672000E+01  0.62672000E+01  0.62698998E+01  0.31493200E+02
  0.62638998E+01  0.62642002E+01  0.62632999E+01  0.62652001E+01  0.62631001E+01  0.31468201E+02
