  0.51596999E+01  0.51489000E+01  0.51511998E+01  0.51487002E+01  0.51483998E+01  0.25928200E+02
  0.51413002E+01  0.51422000E+01  0.51409001E+01  0.51409001E+01  0.51402998E+01  0.25862801E+02
  0.51489000E+01  0.51504998E+01  0.51483998E+01  0.51483998E+01  0.51482000E+01  0.25902800E+02
  0.51917000E+01  0.51880002E+01  0.51880002E+01  0.51879001E+01  0.51897998E+01  0.26102200E+02
  0.51543002E+01  0.51539001E+01  0.51536002E+01  0.51559000E+01  0.51536002E+01  0.25927999E+02
  0.51455002E+01  0.51450000E+01  0.51482000E+01  0.51450000E+01  0.51451998E+01  0.25886600E+02
  0.51445999E+01  0.51464000E+01  0.51441002E+01  0.51441998E+01  0.51443000E+01  0.25881001E+02
  0.51560001E+01  0.51536999E+01  0.51538000E+01  0.51538000E+01  0.51567998E+01  0.26014400E+02
  0.51585999E+01  0.51581001E+01  0.51584001E+01  0.51602998E+01  0.51581001E+01  0.25948999E+02
  0.51438999E+01  0.51434999E+01  0.51461000E+01  0.51440001E+01  0.51433001E+01  0.25880199E+02
